spot	strike	rate	maturity	oprice	type	ivola	date
9865.76	2000	0.00252	0.739726027	7906.6	1	0.97153	2014-12-22
9865.76	2000	0.00252	0.739726027	7906.6	1	0.97153	2014-12-22
9865.76	6000	0.00026	0.068493151	3884.3	1	0.97048	2014-12-22
9865.76	6000	0.00026	0.068493151	3884.3	1	0.97048	2014-12-22
9865.76	4000	0.00081	0.24109589	5889	1	0.91234	2014-12-22
9865.76	4000	0.00081	0.24109589	5889	1	0.91234	2014-12-22
9865.76	1800	0.00329	0.989041096	8111.3	1	0.90645	2014-12-22
9865.76	1800	0.00329	0.989041096	8111.3	1	0.90645	2014-12-22
9865.76	3000	0.00176	0.490410959	6905.8	1	0.90022	2014-12-22
9865.76	3000	0.00176	0.490410959	6905.8	1	0.90022	2014-12-22
9865.76	3100	0.00176	0.490410959	6806.1	1	0.87772	2014-12-22
9865.76	3100	0.00176	0.490410959	6806.1	1	0.87772	2014-12-22
9865.76	2000	0.00329	0.989041096	7911.7	1	0.84975	2014-12-22
9865.76	2000	0.00329	0.989041096	7911.7	1	0.84975	2014-12-22
9865.76	6500	0.00026	0.068493151	3384.9	1	0.83678	2014-12-22
9865.76	6500	0.00026	0.068493151	3384.9	1	0.83678	2014-12-22
9865.76	4500	0.00081	0.24109589	5389.6	1	0.80573	2014-12-22
9865.76	4500	0.00081	0.24109589	5389.6	1	0.80573	2014-12-22
9865.76	2200	0.00329	0.989041096	7712.2	1	0.79938	2014-12-22
9865.76	2200	0.00329	0.989041096	7712.2	1	0.79938	2014-12-22
9865.76	2400	0.00329	0.989041096	7512.8	1	0.75417	2014-12-22
9865.76	2400	0.00329	0.989041096	7512.8	1	0.75417	2014-12-22
9865.76	2600	0.00329	0.989041096	7313.6	1	0.71353	2014-12-22
9865.76	2600	0.00329	0.989041096	7313.6	1	0.71353	2014-12-22
9865.76	5000	0.00081	0.24109589	4890.6	1	0.71198	2014-12-22
9865.76	5000	0.00081	0.24109589	4890.6	1	0.71198	2014-12-22
9865.76	7000	0.00026	0.068493151	2885.5	1	0.71068	2014-12-22
9865.76	7000	0.00026	0.068493151	2885.5	1	0.71068	2014-12-22
9865.76	4000	0.00176	0.490410959	5909.2	1	0.70483	2014-12-22
9865.76	4000	0.00176	0.490410959	5909.2	1	0.70483	2014-12-22
9865.76	5100	0.00081	0.24109589	4790.8	1	0.69426	2014-12-22
9865.76	5100	0.00081	0.24109589	4790.8	1	0.69426	2014-12-22
9865.76	5200	0.00081	0.24109589	4691	1	0.67685	2014-12-22
9865.76	5200	0.00081	0.24109589	4691	1	0.67685	2014-12-22
9865.76	2800	0.00329	0.989041096	7114.4	1	0.67614	2014-12-22
9865.76	2800	0.00329	0.989041096	7114.4	1	0.67614	2014-12-22
9865.76	5300	0.00081	0.24109589	4591.3	1	0.66018	2014-12-22
9865.76	5300	0.00081	0.24109589	4591.3	1	0.66018	2014-12-22
9865.76	5400	0.00081	0.24109589	4491.6	1	0.64376	2014-12-22
9865.76	5400	0.00081	0.24109589	4491.6	1	0.64376	2014-12-22
9865.76	3000	0.00329	0.989041096	6915.3	1	0.64179	2014-12-22
9865.76	3000	0.00329	0.989041096	6915.3	1	0.64179	2014-12-22
9865.76	5500	0.00081	0.24109589	4391.9	1	0.62759	2014-12-22
9865.76	5500	0.00081	0.24109589	4391.9	1	0.62759	2014-12-22
9865.76	7400	0.00026	0.068493151	2486.3	1	0.61594	2014-12-22
9865.76	7400	0.00026	0.068493151	2486.3	1	0.61594	2014-12-22
9865.76	5600	0.00081	0.24109589	4292.3	1	0.61206	2014-12-22
9865.76	5600	0.00081	0.24109589	4292.3	1	0.61206	2014-12-22
9865.76	3200	0.00329	0.989041096	6716.4	1	0.61033	2014-12-22
9865.76	3200	0.00329	0.989041096	6716.4	1	0.61033	2014-12-22
9865.76	7450	0.00026	0.068493151	2436.5	1	0.60483	2014-12-22
9865.76	7450	0.00026	0.068493151	2436.5	1	0.60483	2014-12-22
9865.76	5700	0.00081	0.24109589	4192.7	1	0.59673	2014-12-22
9865.76	5700	0.00081	0.24109589	4192.7	1	0.59673	2014-12-22
9865.76	7500	0.00026	0.068493151	2386.6	1	0.59321	2014-12-22
9865.76	7500	0.00026	0.068493151	2386.6	1	0.59321	2014-12-22
9865.76	4800	0.00176	0.490410959	5112.9	1	0.58329	2014-12-22
9865.76	4800	0.00176	0.490410959	5112.9	1	0.58329	2014-12-22
9865.76	7550	0.00026	0.068493151	2336.8	1	0.58215	2014-12-22
9865.76	7550	0.00026	0.068493151	2336.8	1	0.58215	2014-12-22
9865.76	5800	0.00081	0.24109589	4093.1	1	0.58158	2014-12-22
9865.76	5800	0.00081	0.24109589	4093.1	1	0.58158	2014-12-22
9865.76	3400	0.00329	0.989041096	6517.6	1	0.58109	2014-12-22
9865.76	3400	0.00329	0.989041096	6517.6	1	0.58109	2014-12-22
9865.76	7600	0.00026	0.068493151	2287	1	0.5711	2014-12-22
9865.76	7600	0.00026	0.068493151	2287	1	0.5711	2014-12-22
9865.76	5900	0.00081	0.24109589	3993.6	1	0.567	2014-12-22
9865.76	5900	0.00081	0.24109589	3993.6	1	0.567	2014-12-22
9865.76	7650	0.00026	0.068493151	2237.2	1	0.56007	2014-12-22
9865.76	7650	0.00026	0.068493151	2237.2	1	0.56007	2014-12-22
9865.76	5000	0.00176	0.490410959	4914.1	1	0.55647	2014-12-22
9865.76	5000	0.00176	0.490410959	4914.1	1	0.55647	2014-12-22
9865.76	3600	0.00329	0.989041096	6319.1	1	0.55428	2014-12-22
9865.76	3600	0.00329	0.989041096	6319.1	1	0.55428	2014-12-22
9865.76	6000	0.00081	0.24109589	3894.1	1	0.55255	2014-12-22
9865.76	6000	0.00081	0.24109589	3894.1	1	0.55255	2014-12-22
9865.76	7700	0.00026	0.068493151	2187.4	1	0.54905	2014-12-22
9865.76	7700	0.00026	0.068493151	2187.4	1	0.54905	2014-12-22
9865.76	6100	0.00081	0.24109589	3794.7	1	0.5386	2014-12-22
9865.76	6100	0.00081	0.24109589	3794.7	1	0.5386	2014-12-22
9865.76	7750	0.00026	0.068493151	2137.6	1	0.53804	2014-12-22
9865.76	7750	0.00026	0.068493151	2137.6	1	0.53804	2014-12-22
9865.76	5200	0.00176	0.490410959	4715.4	1	0.53076	2014-12-22
9865.76	5200	0.00176	0.490410959	4715.4	1	0.53076	2014-12-22
9865.76	3800	0.00329	0.989041096	6120.7	1	0.52912	2014-12-22
9865.76	3800	0.00329	0.989041096	6120.7	1	0.52912	2014-12-22
9865.76	7800	0.00026	0.068493151	2087.8	1	0.52703	2014-12-22
9865.76	7800	0.00026	0.068493151	2087.8	1	0.52703	2014-12-22
9865.76	6200	0.00081	0.24109589	3695.4	1	0.5251	2014-12-22
9865.76	6200	0.00081	0.24109589	3695.4	1	0.5251	2014-12-22
9865.76	7850	0.00026	0.068493151	2038.1	1	0.5165	2014-12-22
9865.76	7850	0.00026	0.068493151	2038.1	1	0.5165	2014-12-22
9865.76	6300	0.00081	0.24109589	3596.1	1	0.51168	2014-12-22
9865.76	6300	0.00081	0.24109589	3596.1	1	0.51168	2014-12-22
9865.76	5400	0.00176	0.490410959	4516.8	1	0.50605	2014-12-22
9865.76	5400	0.00176	0.490410959	4516.8	1	0.50605	2014-12-22
9865.76	4000	0.00329	0.989041096	5922.6	1	0.50583	2014-12-22
9865.76	4000	0.00329	0.989041096	5922.6	1	0.50583	2014-12-22
9865.76	7900	0.00026	0.068493151	1988.3	1	0.5055	2014-12-22
9865.76	7900	0.00026	0.068493151	1988.3	1	0.5055	2014-12-22
9865.76	6400	0.00081	0.24109589	3496.9	1	0.49864	2014-12-22
9865.76	6400	0.00081	0.24109589	3496.9	1	0.49864	2014-12-22
9865.76	7950	0.00026	0.068493151	1938.6	1	0.49495	2014-12-22
9865.76	7950	0.00026	0.068493151	1938.6	1	0.49495	2014-12-22
9865.76	6500	0.00081	0.24109589	3397.8	1	0.48596	2014-12-22
9865.76	6500	0.00081	0.24109589	3397.8	1	0.48596	2014-12-22
9865.76	8000	0.00026	0.068493151	1888.9	1	0.48438	2014-12-22
9865.76	8000	0.00026	0.068493151	1888.9	1	0.48438	2014-12-22
9865.76	4200	0.00329	0.989041096	5724.7	1	0.48396	2014-12-22
9865.76	4200	0.00329	0.989041096	5724.7	1	0.48396	2014-12-22
9865.76	5600	0.00176	0.490410959	4318.5	1	0.48261	2014-12-22
9865.76	5600	0.00176	0.490410959	4318.5	1	0.48261	2014-12-22
9865.76	8050	0.00026	0.068493151	1839.3	1	0.47421	2014-12-22
9865.76	8050	0.00026	0.068493151	1839.3	1	0.47421	2014-12-22
9865.76	6600	0.00081	0.24109589	3298.7	1	0.4733	2014-12-22
9865.76	6600	0.00081	0.24109589	3298.7	1	0.4733	2014-12-22
9865.76	8100	0.00026	0.068493151	1789.6	1	0.46359	2014-12-22
9865.76	8100	0.00026	0.068493151	1789.6	1	0.46359	2014-12-22
9865.76	4400	0.00329	0.989041096	5527.1	1	0.46354	2014-12-22
9865.76	4400	0.00329	0.989041096	5527.1	1	0.46354	2014-12-22
9865.76	6700	0.00081	0.24109589	3199.8	1	0.46121	2014-12-22
9865.76	6700	0.00081	0.24109589	3199.8	1	0.46121	2014-12-22
9865.76	5800	0.00176	0.490410959	4120.6	1	0.46048	2014-12-22
9865.76	5800	0.00176	0.490410959	4120.6	1	0.46048	2014-12-22
9865.76	7200	0.00081	0.164383562	2695.6	1	0.45845	2014-12-22
9865.76	7200	0.00081	0.164383562	2695.6	1	0.45845	2014-12-22
9865.76	8150	0.00026	0.068493151	1740	1	0.45335	2014-12-22
9865.76	8150	0.00026	0.068493151	1740	1	0.45335	2014-12-22
9865.76	6800	0.00081	0.24109589	3100.9	1	0.44911	2014-12-22
9865.76	6800	0.00081	0.24109589	3100.9	1	0.44911	2014-12-22
9865.76	7300	0.00081	0.164383562	2596.7	1	0.44487	2014-12-22
9865.76	7300	0.00081	0.164383562	2596.7	1	0.44487	2014-12-22
9865.76	4600	0.00329	0.989041096	5329.9	1	0.44452	2014-12-22
9865.76	4600	0.00329	0.989041096	5329.9	1	0.44452	2014-12-22
9865.76	8200	0.00026	0.068493151	1690.5	1	0.44344	2014-12-22
9865.76	8200	0.00026	0.068493151	1690.5	1	0.44344	2014-12-22
9865.76	6000	0.00176	0.490410959	3923	1	0.43929	2014-12-22
9865.76	6000	0.00176	0.490410959	3923	1	0.43929	2014-12-22
9865.76	6900	0.00081	0.24109589	3002.2	1	0.43748	2014-12-22
9865.76	6900	0.00081	0.24109589	3002.2	1	0.43748	2014-12-22
9865.76	8250	0.00026	0.068493151	1640.9	1	0.43311	2014-12-22
9865.76	8250	0.00026	0.068493151	1640.9	1	0.43311	2014-12-22
9865.76	7400	0.00081	0.164383562	2497.8	1	0.43121	2014-12-22
9865.76	7400	0.00081	0.164383562	2497.8	1	0.43121	2014-12-22
9865.76	4800	0.00329	0.989041096	5133.1	1	0.42672	2014-12-22
9865.76	4800	0.00329	0.989041096	5133.1	1	0.42672	2014-12-22
9865.76	7000	0.00081	0.24109589	2903.5	1	0.4258	2014-12-22
9865.76	7000	0.00081	0.24109589	2903.5	1	0.4258	2014-12-22
9865.76	8300	0.00026	0.068493151	1591.4	1	0.42308	2014-12-22
9865.76	8300	0.00026	0.068493151	1591.4	1	0.42308	2014-12-22
9865.76	6200	0.00176	0.490410959	3725.9	1	0.41922	2014-12-22
9865.76	6200	0.00176	0.490410959	3725.9	1	0.41922	2014-12-22
9865.76	7500	0.00081	0.164383562	2399.1	1	0.418	2014-12-22
9865.76	7500	0.00081	0.164383562	2399.1	1	0.418	2014-12-22
9865.76	7100	0.00081	0.24109589	2804.9	1	0.41428	2014-12-22
9865.76	7100	0.00081	0.24109589	2804.9	1	0.41428	2014-12-22
9865.76	8350	0.00026	0.068493151	1542	1	0.41334	2014-12-22
9865.76	8350	0.00026	0.068493151	1542	1	0.41334	2014-12-22
9865.76	5000	0.00329	0.989041096	4936.8	1	0.4101	2014-12-22
9865.76	5000	0.00329	0.989041096	4936.8	1	0.4101	2014-12-22
9865.76	7600	0.00081	0.164383562	2300.5	1	0.40491	2014-12-22
9865.76	7600	0.00081	0.164383562	2300.5	1	0.40491	2014-12-22
9865.76	7200	0.00081	0.24109589	2706.6	1	0.40334	2014-12-22
9865.76	7200	0.00081	0.24109589	2706.6	1	0.40334	2014-12-22
9865.76	8400	0.00026	0.068493151	1492.5	1	0.40318	2014-12-22
9865.76	8400	0.00026	0.068493151	1492.5	1	0.40318	2014-12-22
9865.76	6400	0.00176	0.490410959	3529.6	1	0.40052	2014-12-22
9865.76	6400	0.00176	0.490410959	3529.6	1	0.40052	2014-12-22
9865.76	5200	0.00329	0.989041096	4741	1	0.39446	2014-12-22
9865.76	5200	0.00329	0.989041096	4741	1	0.39446	2014-12-22
9865.76	8450	0.00026	0.068493151	1443.3	1	0.39392	2014-12-22
9865.76	8450	0.00026	0.068493151	1443.3	1	0.39392	2014-12-22
9865.76	7700	0.00081	0.164383562	2202.1	1	0.39216	2014-12-22
9865.76	7700	0.00081	0.164383562	2202.1	1	0.39216	2014-12-22
9865.76	7300	0.00081	0.24109589	2608.2	1	0.39206	2014-12-22
9865.76	7300	0.00081	0.24109589	2608.2	1	0.39206	2014-12-22
9865.76	8500	0.00026	0.068493151	1394	1	0.38422	2014-12-22
9865.76	8500	0.00026	0.068493151	1394	1	0.38422	2014-12-22
9865.76	6600	0.00176	0.490410959	3334	1	0.38279	2014-12-22
9865.76	6600	0.00176	0.490410959	3334	1	0.38279	2014-12-22
9865.76	7400	0.00081	0.24109589	2510.2	1	0.38146	2014-12-22
9865.76	7400	0.00081	0.24109589	2510.2	1	0.38146	2014-12-22
9865.76	6000	0.00252	0.739726027	3946.6	1	0.38144	2014-12-22
9865.76	6000	0.00252	0.739726027	3946.6	1	0.38144	2014-12-22
9865.76	5400	0.00329	0.989041096	4545.8	1	0.37978	2014-12-22
9865.76	5400	0.00329	0.989041096	4545.8	1	0.37978	2014-12-22
9865.76	7800	0.00081	0.164383562	2103.9	1	0.37966	2014-12-22
9865.76	7800	0.00081	0.164383562	2103.9	1	0.37966	2014-12-22
9865.76	8550	0.00026	0.068493151	1344.7	1	0.37441	2014-12-22
9865.76	8550	0.00026	0.068493151	1344.7	1	0.37441	2014-12-22
9865.76	7500	0.00081	0.24109589	2412.3	1	0.37087	2014-12-22
9865.76	7500	0.00081	0.24109589	2412.3	1	0.37087	2014-12-22
9865.76	7900	0.00081	0.164383562	2006	1	0.36756	2014-12-22
9865.76	7900	0.00081	0.164383562	2006	1	0.36756	2014-12-22
9865.76	6800	0.00176	0.490410959	3139.3	1	0.36604	2014-12-22
9865.76	6800	0.00176	0.490410959	3139.3	1	0.36604	2014-12-22
9865.76	5600	0.00329	0.989041096	4351.3	1	0.36598	2014-12-22
9865.76	5600	0.00329	0.989041096	4351.3	1	0.36598	2014-12-22
9865.76	8600	0.00026	0.068493151	1295.5	1	0.36479	2014-12-22
9865.76	8600	0.00026	0.068493151	1295.5	1	0.36479	2014-12-22
9865.76	7600	0.00081	0.24109589	2314.8	1	0.36079	2014-12-22
9865.76	7600	0.00081	0.24109589	2314.8	1	0.36079	2014-12-22
9865.76	8650	0.00026	0.068493151	1246.5	1	0.35559	2014-12-22
9865.76	8650	0.00026	0.068493151	1246.5	1	0.35559	2014-12-22
9865.76	8000	0.00081	0.164383562	1908.3	1	0.35557	2014-12-22
9865.76	8000	0.00081	0.164383562	1908.3	1	0.35557	2014-12-22
9865.76	5800	0.00329	0.989041096	4157.6	1	0.35301	2014-12-22
9865.76	5800	0.00329	0.989041096	4157.6	1	0.35301	2014-12-22
9865.76	7700	0.00081	0.24109589	2217.5	1	0.35081	2014-12-22
9865.76	7700	0.00081	0.24109589	2217.5	1	0.35081	2014-12-22
9865.76	7000	0.00176	0.490410959	2945.7	1	0.35026	2014-12-22
9865.76	7000	0.00176	0.490410959	2945.7	1	0.35026	2014-12-22
9865.76	8700	0.00026	0.068493151	1197.5	1	0.34623	2014-12-22
9865.76	8700	0.00026	0.068493151	1197.5	1	0.34623	2014-12-22
9865.76	8100	0.00081	0.164383562	1811	1	0.34401	2014-12-22
9865.76	8100	0.00081	0.164383562	1811	1	0.34401	2014-12-22
9865.76	7100	0.00176	0.490410959	2849.2	1	0.34252	2014-12-22
9865.76	7100	0.00176	0.490410959	2849.2	1	0.34252	2014-12-22
9865.76	7800	0.00081	0.24109589	2120.5	1	0.34102	2014-12-22
9865.76	7800	0.00081	0.24109589	2120.5	1	0.34102	2014-12-22
9865.76	6000	0.00329	0.989041096	3964.6	1	0.34057	2014-12-22
9865.76	6000	0.00329	0.989041096	3964.6	1	0.34057	2014-12-22
9865.76	8150	0.00081	0.164383562	1762.4	1	0.33816	2014-12-22
9865.76	8150	0.00081	0.164383562	1762.4	1	0.33816	2014-12-22
9865.76	8750	0.00026	0.068493151	1148.6	1	0.33695	2014-12-22
9865.76	8750	0.00026	0.068493151	1148.6	1	0.33695	2014-12-22
9865.76	6600	0.00252	0.739726027	3363.9	1	0.33657	2014-12-22
9865.76	6600	0.00252	0.739726027	3363.9	1	0.33657	2014-12-22
9865.76	7200	0.00176	0.490410959	2753	1	0.33495	2014-12-22
9865.76	7200	0.00176	0.490410959	2753	1	0.33495	2014-12-22
9865.76	8200	0.00081	0.164383562	1713.9	1	0.33239	2014-12-22
9865.76	8200	0.00081	0.164383562	1713.9	1	0.33239	2014-12-22
9865.76	7900	0.00081	0.24109589	2023.9	1	0.33152	2014-12-22
9865.76	7900	0.00081	0.24109589	2023.9	1	0.33152	2014-12-22
9865.76	6700	0.00252	0.739726027	3267.6	1	0.32973	2014-12-22
9865.76	6700	0.00252	0.739726027	3267.6	1	0.32973	2014-12-22
9865.76	6200	0.00329	0.989041096	3772.7	1	0.32891	2014-12-22
9865.76	6200	0.00329	0.989041096	3772.7	1	0.32891	2014-12-22
9865.76	8800	0.00026	0.068493151	1099.8	1	0.32774	2014-12-22
9865.76	8800	0.00026	0.068493151	1099.8	1	0.32774	2014-12-22
9865.76	7300	0.00176	0.490410959	2657.2	1	0.32762	2014-12-22
9865.76	7300	0.00176	0.490410959	2657.2	1	0.32762	2014-12-22
9865.76	7950	0.00081	0.24109589	1975.8	1	0.32692	2014-12-22
9865.76	7950	0.00081	0.24109589	1975.8	1	0.32692	2014-12-22
9865.76	8250	0.00081	0.164383562	1665.6	1	0.32684	2014-12-22
9865.76	8250	0.00081	0.164383562	1665.6	1	0.32684	2014-12-22
9865.76	6800	0.00252	0.739726027	3171.7	1	0.32317	2014-12-22
9865.76	6800	0.00252	0.739726027	3171.7	1	0.32317	2014-12-22
9865.76	8000	0.00081	0.24109589	1927.8	1	0.32236	2014-12-22
9865.76	8000	0.00081	0.24109589	1927.8	1	0.32236	2014-12-22
9865.76	8300	0.00081	0.164383562	1617.4	1	0.32133	2014-12-22
9865.76	8300	0.00081	0.164383562	1617.4	1	0.32133	2014-12-22
9865.76	7400	0.00176	0.490410959	2561.6	1	0.3203	2014-12-22
9865.76	7400	0.00176	0.490410959	2561.6	1	0.3203	2014-12-22
9865.76	8850	0.00026	0.068493151	1051.2	1	0.31879	2014-12-22
9865.76	8850	0.00026	0.068493151	1051.2	1	0.31879	2014-12-22
9865.76	6400	0.00329	0.989041096	3581.8	1	0.31775	2014-12-22
9865.76	6400	0.00329	0.989041096	3581.8	1	0.31775	2014-12-22
9865.76	8050	0.00081	0.24109589	1879.8	1	0.3177	2014-12-22
9865.76	8050	0.00081	0.24109589	1879.8	1	0.3177	2014-12-22
9865.76	6900	0.00252	0.739726027	3076.3	1	0.31692	2014-12-22
9865.76	6900	0.00252	0.739726027	3076.3	1	0.31692	2014-12-22
9865.76	8350	0.00081	0.164383562	1569.3	1	0.31584	2014-12-22
9865.76	8350	0.00081	0.164383562	1569.3	1	0.31584	2014-12-22
9865.76	8100	0.00081	0.24109589	1832.1	1	0.31332	2014-12-22
9865.76	8100	0.00081	0.24109589	1832.1	1	0.31332	2014-12-22
9865.76	7500	0.00176	0.490410959	2466.5	1	0.31324	2014-12-22
9865.76	7500	0.00176	0.490410959	2466.5	1	0.31324	2014-12-22
9865.76	7000	0.00252	0.739726027	2981.2	1	0.31079	2014-12-22
9865.76	7000	0.00252	0.739726027	2981.2	1	0.31079	2014-12-22
9865.76	8400	0.00081	0.164383562	1521.3	1	0.31036	2014-12-22
9865.76	8400	0.00081	0.164383562	1521.3	1	0.31036	2014-12-22
9865.76	8900	0.00026	0.068493151	1002.7	1	0.30983	2014-12-22
9865.76	8900	0.00026	0.068493151	1002.7	1	0.30983	2014-12-22
9865.76	8150	0.00081	0.24109589	1784.5	1	0.30895	2014-12-22
9865.76	8150	0.00081	0.24109589	1784.5	1	0.30895	2014-12-22
9865.76	6600	0.00329	0.989041096	3392.1	1	0.30709	2014-12-22
9865.76	6600	0.00329	0.989041096	3392.1	1	0.30709	2014-12-22
9865.76	7600	0.00176	0.490410959	2371.8	1	0.30631	2014-12-22
9865.76	7600	0.00176	0.490410959	2371.8	1	0.30631	2014-12-22
9865.76	8450	0.00081	0.164383562	1473.5	1	0.30503	2014-12-22
9865.76	8450	0.00081	0.164383562	1473.5	1	0.30503	2014-12-22
9865.76	7100	0.00252	0.739726027	2886.5	1	0.30482	2014-12-22
9865.76	7100	0.00252	0.739726027	2886.5	1	0.30482	2014-12-22
9865.76	8200	0.00081	0.24109589	1737.1	1	0.30469	2014-12-22
9865.76	8200	0.00081	0.24109589	1737.1	1	0.30469	2014-12-22
9865.76	8950	0.00026	0.068493151	954.5	1	0.30126	2014-12-22
9865.76	8950	0.00026	0.068493151	954.5	1	0.30126	2014-12-22
9865.76	8250	0.00081	0.24109589	1689.8	1	0.30042	2014-12-22
9865.76	8250	0.00081	0.24109589	1689.8	1	0.30042	2014-12-22
9865.76	8500	0.00081	0.164383562	1426	1	0.29996	2014-12-22
9865.76	8500	0.00081	0.164383562	1426	1	0.29996	2014-12-22
9865.76	7700	0.00176	0.490410959	2277.7	1	0.29963	2014-12-22
9865.76	7700	0.00176	0.490410959	2277.7	1	0.29963	2014-12-22
9865.76	7200	0.00252	0.739726027	2792.3	1	0.29905	2014-12-22
9865.76	7200	0.00252	0.739726027	2792.3	1	0.29905	2014-12-22
9865.76	6800	0.00329	0.989041096	3204.1	1	0.29713	2014-12-22
9865.76	6800	0.00329	0.989041096	3204.1	1	0.29713	2014-12-22
9865.76	8300	0.00081	0.24109589	1642.6	1	0.29612	2014-12-22
9865.76	8300	0.00081	0.24109589	1642.6	1	0.29612	2014-12-22
9865.76	8550	0.00081	0.164383562	1378.5	1	0.2947	2014-12-22
9865.76	8550	0.00081	0.164383562	1378.5	1	0.2947	2014-12-22
9865.76	7300	0.00252	0.739726027	2698.5	1	0.29339	2014-12-22
9865.76	7300	0.00252	0.739726027	2698.5	1	0.29339	2014-12-22
9865.76	7800	0.00176	0.490410959	2184.1	1	0.29308	2014-12-22
9865.76	7800	0.00176	0.490410959	2184.1	1	0.29308	2014-12-22
9865.76	9000	0.00026	0.068493151	906.4	1	0.29257	2014-12-22
9865.76	9000	0.00026	0.068493151	906.4	1	0.29257	2014-12-22
9865.76	8350	0.00081	0.24109589	1595.7	1	0.29201	2014-12-22
9865.76	8350	0.00081	0.24109589	1595.7	1	0.29201	2014-12-22
9865.76	8600	0.00081	0.164383562	1331.2	1	0.28952	2014-12-22
9865.76	8600	0.00081	0.164383562	1331.2	1	0.28952	2014-12-22
9865.76	7400	0.00252	0.739726027	2605.6	1	0.28815	2014-12-22
9865.76	7400	0.00252	0.739726027	2605.6	1	0.28815	2014-12-22
9865.76	8400	0.00081	0.24109589	1549.1	1	0.28807	2014-12-22
9865.76	8400	0.00081	0.24109589	1549.1	1	0.28807	2014-12-22
9865.76	7000	0.00329	0.989041096	3017.8	1	0.28765	2014-12-22
9865.76	7000	0.00329	0.989041096	3017.8	1	0.28765	2014-12-22
9865.76	7900	0.00176	0.490410959	2091.3	1	0.28683	2014-12-22
9865.76	7900	0.00176	0.490410959	2091.3	1	0.28683	2014-12-22
9865.76	8650	0.00081	0.164383562	1284.2	1	0.28453	2014-12-22
9865.76	8650	0.00081	0.164383562	1284.2	1	0.28453	2014-12-22
9865.76	9050	0.00026	0.068493151	858.7	1	0.28435	2014-12-22
9865.76	9050	0.00026	0.068493151	858.7	1	0.28435	2014-12-22
9865.76	8450	0.00081	0.24109589	1502.5	1	0.28396	2014-12-22
9865.76	8450	0.00081	0.24109589	1502.5	1	0.28396	2014-12-22
9865.76	7500	0.00252	0.739726027	2513	1	0.28287	2014-12-22
9865.76	7500	0.00252	0.739726027	2513	1	0.28287	2014-12-22
9865.76	8000	0.00176	0.490410959	1999.1	1	0.28068	2014-12-22
9865.76	8000	0.00176	0.490410959	1999.1	1	0.28068	2014-12-22
9865.76	8500	0.00081	0.24109589	1456.3	1	0.28008	2014-12-22
9865.76	8500	0.00081	0.24109589	1456.3	1	0.28008	2014-12-22
9865.76	8700	0.00081	0.164383562	1237.5	1	0.27968	2014-12-22
9865.76	8700	0.00081	0.164383562	1237.5	1	0.27968	2014-12-22
9865.76	7200	0.00329	0.989041096	2833.5	1	0.27865	2014-12-22
9865.76	7200	0.00329	0.989041096	2833.5	1	0.27865	2014-12-22
9865.76	7600	0.00252	0.739726027	2421.3	1	0.27791	2014-12-22
9865.76	7600	0.00252	0.739726027	2421.3	1	0.27791	2014-12-22
9865.76	8550	0.00081	0.24109589	1410.3	1	0.27621	2014-12-22
9865.76	8550	0.00081	0.24109589	1410.3	1	0.27621	2014-12-22
9865.76	9100	0.00026	0.068493151	811.2	1	0.2761	2014-12-22
9865.76	9100	0.00026	0.068493151	811.2	1	0.2761	2014-12-22
9865.76	8750	0.00081	0.164383562	1191.1	1	0.27496	2014-12-22
9865.76	8750	0.00081	0.164383562	1191.1	1	0.27496	2014-12-22
9865.76	8100	0.00176	0.490410959	1907.8	1	0.27479	2014-12-22
9865.76	8100	0.00176	0.490410959	1907.8	1	0.27479	2014-12-22
9865.76	7700	0.00252	0.739726027	2330.3	1	0.27309	2014-12-22
9865.76	7700	0.00252	0.739726027	2330.3	1	0.27309	2014-12-22
9865.76	8600	0.00081	0.24109589	1364.6	1	0.27243	2014-12-22
9865.76	8600	0.00081	0.24109589	1364.6	1	0.27243	2014-12-22
9865.76	8150	0.00176	0.490410959	1862.6	1	0.272	2014-12-22
9865.76	8150	0.00176	0.490410959	1862.6	1	0.272	2014-12-22
9865.76	7400	0.00329	0.989041096	2651.9	1	0.2703	2014-12-22
9865.76	7400	0.00329	0.989041096	2651.9	1	0.2703	2014-12-22
9865.76	8800	0.00081	0.164383562	1144.9	1	0.27021	2014-12-22
9865.76	8800	0.00081	0.164383562	1144.9	1	0.27021	2014-12-22
9865.76	8200	0.00176	0.490410959	1817.6	1	0.26923	2014-12-22
9865.76	8200	0.00176	0.490410959	1817.6	1	0.26923	2014-12-22
9865.76	8650	0.00081	0.24109589	1319.3	1	0.26881	2014-12-22
9865.76	8650	0.00081	0.24109589	1319.3	1	0.26881	2014-12-22
9865.76	7800	0.00252	0.739726027	2240.1	1	0.26844	2014-12-22
9865.76	7800	0.00252	0.739726027	2240.1	1	0.26844	2014-12-22
9865.76	9150	0.00026	0.068493151	764	1	0.26796	2014-12-22
9865.76	9150	0.00026	0.068493151	764	1	0.26796	2014-12-22
9865.76	8250	0.00176	0.490410959	1772.8	1	0.26647	2014-12-22
9865.76	8250	0.00176	0.490410959	1772.8	1	0.26647	2014-12-22
9865.76	8850	0.00081	0.164383562	1099	1	0.26552	2014-12-22
9865.76	8850	0.00081	0.164383562	1099	1	0.26552	2014-12-22
9865.76	8700	0.00081	0.24109589	1274.1	1	0.26506	2014-12-22
9865.76	8700	0.00081	0.24109589	1274.1	1	0.26506	2014-12-22
9865.76	7900	0.00252	0.739726027	2150.7	1	0.26392	2014-12-22
9865.76	7900	0.00252	0.739726027	2150.7	1	0.26392	2014-12-22
9865.76	8300	0.00176	0.490410959	1728	1	0.26359	2014-12-22
9865.76	8300	0.00176	0.490410959	1728	1	0.26359	2014-12-22
9865.76	7600	0.00329	0.989041096	2472.8	1	0.26228	2014-12-22
9865.76	7600	0.00329	0.989041096	2472.8	1	0.26228	2014-12-22
9865.76	8750	0.00081	0.24109589	1229.3	1	0.26143	2014-12-22
9865.76	8750	0.00081	0.24109589	1229.3	1	0.26143	2014-12-22
9865.76	8900	0.00081	0.164383562	1053.5	1	0.26098	2014-12-22
9865.76	8900	0.00081	0.164383562	1053.5	1	0.26098	2014-12-22
9865.76	8350	0.00176	0.490410959	1683.8	1	0.26097	2014-12-22
9865.76	8350	0.00176	0.490410959	1683.8	1	0.26097	2014-12-22
9865.76	9200	0.00026	0.068493151	717.4	1	0.26035	2014-12-22
9865.76	9200	0.00026	0.068493151	717.4	1	0.26035	2014-12-22
9865.76	8000	0.00252	0.739726027	2062.1	1	0.25948	2014-12-22
9865.76	8000	0.00252	0.739726027	2062.1	1	0.25948	2014-12-22
9865.76	8400	0.00176	0.490410959	1639.6	1	0.25822	2014-12-22
9865.76	8400	0.00176	0.490410959	1639.6	1	0.25822	2014-12-22
9865.76	8800	0.00081	0.24109589	1184.8	1	0.25782	2014-12-22
9865.76	8800	0.00081	0.24109589	1184.8	1	0.25782	2014-12-22
9865.76	8950	0.00081	0.164383562	1008.3	1	0.25644	2014-12-22
9865.76	8950	0.00081	0.164383562	1008.3	1	0.25644	2014-12-22
9865.76	8450	0.00176	0.490410959	1595.8	1	0.25558	2014-12-22
9865.76	8450	0.00176	0.490410959	1595.8	1	0.25558	2014-12-22
9865.76	8100	0.00252	0.739726027	1974.6	1	0.25525	2014-12-22
9865.76	8100	0.00252	0.739726027	1974.6	1	0.25525	2014-12-22
9865.76	7800	0.00329	0.989041096	2296.9	1	0.25472	2014-12-22
9865.76	7800	0.00329	0.989041096	2296.9	1	0.25472	2014-12-22
9865.76	8850	0.00081	0.24109589	1140.9	1	0.25446	2014-12-22
9865.76	8850	0.00081	0.24109589	1140.9	1	0.25446	2014-12-22
9865.76	8150	0.00252	0.739726027	1931.2	1	0.25317	2014-12-22
9865.76	8150	0.00252	0.739726027	1931.2	1	0.25317	2014-12-22
9865.76	8500	0.00176	0.490410959	1552.2	1	0.25292	2014-12-22
9865.76	8500	0.00176	0.490410959	1552.2	1	0.25292	2014-12-22
9865.76	9250	0.00026	0.068493151	671.2	1	0.25282	2014-12-22
9865.76	9250	0.00026	0.068493151	671.2	1	0.25282	2014-12-22
9865.76	9000	0.00081	0.164383562	963.6	1	0.25208	2014-12-22
9865.76	9000	0.00081	0.164383562	963.6	1	0.25208	2014-12-22
9865.76	8200	0.00252	0.739726027	1888.1	1	0.25113	2014-12-22
9865.76	8200	0.00252	0.739726027	1888.1	1	0.25113	2014-12-22
9865.76	7900	0.00329	0.989041096	2210.1	1	0.25103	2014-12-22
9865.76	7900	0.00329	0.989041096	2210.1	1	0.25103	2014-12-22
9865.76	8900	0.00081	0.24109589	1097.2	1	0.25098	2014-12-22
9865.76	8900	0.00081	0.24109589	1097.2	1	0.25098	2014-12-22
9865.76	8550	0.00176	0.490410959	1509	1	0.25035	2014-12-22
9865.76	8550	0.00176	0.490410959	1509	1	0.25035	2014-12-22
9865.76	8250	0.00252	0.739726027	1845.2	1	0.24909	2014-12-22
9865.76	8250	0.00252	0.739726027	1845.2	1	0.24909	2014-12-22
9865.76	9050	0.00081	0.164383562	919.4	1	0.24785	2014-12-22
9865.76	9050	0.00081	0.164383562	919.4	1	0.24785	2014-12-22
9865.76	8600	0.00176	0.490410959	1466	1	0.24775	2014-12-22
9865.76	8600	0.00176	0.490410959	1466	1	0.24775	2014-12-22
9865.76	8000	0.00329	0.989041096	2124.6	1	0.24758	2014-12-22
9865.76	8000	0.00329	0.989041096	2124.6	1	0.24758	2014-12-22
9865.76	8950	0.00081	0.24109589	1053.9	1	0.24754	2014-12-22
9865.76	8950	0.00081	0.24109589	1053.9	1	0.24754	2014-12-22
9865.76	8300	0.00252	0.739726027	1802.7	1	0.24713	2014-12-22
9865.76	8300	0.00252	0.739726027	1802.7	1	0.24713	2014-12-22
9865.76	9300	0.00026	0.068493151	625.5	1	0.24543	2014-12-22
9865.76	9300	0.00026	0.068493151	625.5	1	0.24543	2014-12-22
9865.76	8650	0.00176	0.490410959	1423.6	1	0.24533	2014-12-22
9865.76	8650	0.00176	0.490410959	1423.6	1	0.24533	2014-12-22
9865.76	8350	0.00252	0.739726027	1760.2	1	0.24506	2014-12-22
9865.76	8350	0.00252	0.739726027	1760.2	1	0.24506	2014-12-22
9865.76	9000	0.00081	0.24109589	1011.3	1	0.24435	2014-12-22
9865.76	9000	0.00081	0.24109589	1011.3	1	0.24435	2014-12-22
9865.76	8100	0.00329	0.989041096	2039.7	1	0.24406	2014-12-22
9865.76	8100	0.00329	0.989041096	2039.7	1	0.24406	2014-12-22
9865.76	9100	0.00081	0.164383562	875.7	1	0.24371	2014-12-22
9865.76	9100	0.00081	0.164383562	875.7	1	0.24371	2014-12-22
9865.76	8400	0.00252	0.739726027	1718.2	1	0.24312	2014-12-22
9865.76	8400	0.00252	0.739726027	1718.2	1	0.24312	2014-12-22
9865.76	8700	0.00176	0.490410959	1381.4	1	0.24286	2014-12-22
9865.76	8700	0.00176	0.490410959	1381.4	1	0.24286	2014-12-22
9865.76	8450	0.00252	0.739726027	1676.5	1	0.24119	2014-12-22
9865.76	8450	0.00252	0.739726027	1676.5	1	0.24119	2014-12-22
9865.76	9050	0.00081	0.24109589	969	1	0.24107	2014-12-22
9865.76	9050	0.00081	0.24109589	969	1	0.24107	2014-12-22
9865.76	8200	0.00329	0.989041096	1956.2	1	0.24076	2014-12-22
9865.76	8200	0.00329	0.989041096	1956.2	1	0.24076	2014-12-22
9865.76	8750	0.00176	0.490410959	1339.4	1	0.24034	2014-12-22
9865.76	8750	0.00176	0.490410959	1339.4	1	0.24034	2014-12-22
9865.76	9150	0.00081	0.164383562	832.6	1	0.23971	2014-12-22
9865.76	9150	0.00081	0.164383562	832.6	1	0.23971	2014-12-22
9865.76	8500	0.00252	0.739726027	1635.2	1	0.23933	2014-12-22
9865.76	8500	0.00252	0.739726027	1635.2	1	0.23933	2014-12-22
9865.76	9350	0.00026	0.068493151	580.6	1	0.2385	2014-12-22
9865.76	9350	0.00026	0.068493151	580.6	1	0.2385	2014-12-22
9865.76	8800	0.00176	0.490410959	1298.2	1	0.23806	2014-12-22
9865.76	8800	0.00176	0.490410959	1298.2	1	0.23806	2014-12-22
9865.76	9100	0.00081	0.24109589	927.1	1	0.23776	2014-12-22
9865.76	9100	0.00081	0.24109589	927.1	1	0.23776	2014-12-22
9865.76	8300	0.00329	0.989041096	1873.6	1	0.23746	2014-12-22
9865.76	8300	0.00329	0.989041096	1873.6	1	0.23746	2014-12-22
9865.76	8550	0.00252	0.739726027	1594.1	1	0.23743	2014-12-22
9865.76	8550	0.00252	0.739726027	1594.1	1	0.23743	2014-12-22
9865.76	9200	0.00081	0.164383562	790	1	0.23573	2014-12-22
9865.76	9200	0.00081	0.164383562	790	1	0.23573	2014-12-22
9865.76	8850	0.00176	0.490410959	1257	1	0.23562	2014-12-22
9865.76	8850	0.00176	0.490410959	1257	1	0.23562	2014-12-22
9865.76	8600	0.00252	0.739726027	1553.2	1	0.23551	2014-12-22
9865.76	8600	0.00252	0.739726027	1553.2	1	0.23551	2014-12-22
9865.76	9150	0.00081	0.24109589	886	1	0.23469	2014-12-22
9865.76	9150	0.00081	0.24109589	886	1	0.23469	2014-12-22
9865.76	8400	0.00329	0.989041096	1792.3	1	0.23429	2014-12-22
9865.76	8400	0.00329	0.989041096	1792.3	1	0.23429	2014-12-22
9865.76	8650	0.00252	0.739726027	1512.8	1	0.23367	2014-12-22
9865.76	8650	0.00252	0.739726027	1512.8	1	0.23367	2014-12-22
9865.76	8900	0.00176	0.490410959	1216.3	1	0.23326	2014-12-22
9865.76	8900	0.00176	0.490410959	1216.3	1	0.23326	2014-12-22
9865.76	9250	0.00081	0.164383562	748	1	0.23181	2014-12-22
9865.76	9250	0.00081	0.164383562	748	1	0.23181	2014-12-22
9865.76	8700	0.00252	0.739726027	1472.6	1	0.23179	2014-12-22
9865.76	8700	0.00252	0.739726027	1472.6	1	0.23179	2014-12-22
9865.76	9400	0.00026	0.068493151	536.4	1	0.23174	2014-12-22
9865.76	9400	0.00026	0.068493151	536.4	1	0.23174	2014-12-22
9865.76	9200	0.00081	0.24109589	845.2	1	0.23148	2014-12-22
9865.76	9200	0.00081	0.24109589	845.2	1	0.23148	2014-12-22
9865.76	8500	0.00329	0.989041096	1712	1	0.23111	2014-12-22
9865.76	8500	0.00329	0.989041096	1712	1	0.23111	2014-12-22
9865.76	8950	0.00176	0.490410959	1176.1	1	0.23096	2014-12-22
9865.76	8950	0.00176	0.490410959	1176.1	1	0.23096	2014-12-22
9865.76	8750	0.00252	0.739726027	1432.9	1	0.22999	2014-12-22
9865.76	8750	0.00252	0.739726027	1432.9	1	0.22999	2014-12-22
9865.76	9000	0.00176	0.490410959	1136.4	1	0.22871	2014-12-22
9865.76	9000	0.00176	0.490410959	1136.4	1	0.22871	2014-12-22
9865.76	9250	0.00081	0.24109589	805.1	1	0.22838	2014-12-22
9865.76	9250	0.00081	0.24109589	805.1	1	0.22838	2014-12-22
9865.76	8800	0.00252	0.739726027	1393.4	1	0.22814	2014-12-22
9865.76	8800	0.00252	0.739726027	1393.4	1	0.22814	2014-12-22
9865.76	8600	0.00329	0.989041096	1633.3	1	0.22811	2014-12-22
9865.76	8600	0.00329	0.989041096	1633.3	1	0.22811	2014-12-22
9865.76	9300	0.00081	0.164383562	706.8	1	0.22807	2014-12-22
9865.76	9300	0.00081	0.164383562	706.8	1	0.22807	2014-12-22
9865.76	9050	0.00176	0.490410959	1097.1	1	0.22647	2014-12-22
9865.76	9050	0.00176	0.490410959	1097.1	1	0.22647	2014-12-22
9865.76	8850	0.00252	0.739726027	1354.4	1	0.22635	2014-12-22
9865.76	8850	0.00252	0.739726027	1354.4	1	0.22635	2014-12-22
9865.76	9300	0.00081	0.24109589	765.6	1	0.22531	2014-12-22
9865.76	9300	0.00081	0.24109589	765.6	1	0.22531	2014-12-22
9865.76	9450	0.00026	0.068493151	493	1	0.22513	2014-12-22
9865.76	9450	0.00026	0.068493151	493	1	0.22513	2014-12-22
9865.76	8700	0.00329	0.989041096	1555.7	1	0.22508	2014-12-22
9865.76	8700	0.00329	0.989041096	1555.7	1	0.22508	2014-12-22
9865.76	8900	0.00252	0.739726027	1315.9	1	0.22462	2014-12-22
9865.76	8900	0.00252	0.739726027	1315.9	1	0.22462	2014-12-22
9865.76	9350	0.00081	0.164383562	666.2	1	0.22431	2014-12-22
9865.76	9350	0.00081	0.164383562	666.2	1	0.22431	2014-12-22
9865.76	9100	0.00176	0.490410959	1058.4	1	0.2243	2014-12-22
9865.76	9100	0.00176	0.490410959	1058.4	1	0.2243	2014-12-22
9865.76	8950	0.00252	0.739726027	1277.9	1	0.22294	2014-12-22
9865.76	8950	0.00252	0.739726027	1277.9	1	0.22294	2014-12-22
9865.76	9350	0.00081	0.24109589	727.1	1	0.22247	2014-12-22
9865.76	9350	0.00081	0.24109589	727.1	1	0.22247	2014-12-22
9865.76	8800	0.00329	0.989041096	1479.8	1	0.22221	2014-12-22
9865.76	8800	0.00329	0.989041096	1479.8	1	0.22221	2014-12-22
9865.76	9150	0.00176	0.490410959	1020	1	0.22208	2014-12-22
9865.76	9150	0.00176	0.490410959	1020	1	0.22208	2014-12-22
9865.76	9000	0.00252	0.739726027	1240.2	1	0.22124	2014-12-22
9865.76	9000	0.00252	0.739726027	1240.2	1	0.22124	2014-12-22
9865.76	9400	0.00081	0.164383562	626.6	1	0.22079	2014-12-22
9865.76	9400	0.00081	0.164383562	626.6	1	0.22079	2014-12-22
9865.76	9200	0.00176	0.490410959	982.3	1	0.21996	2014-12-22
9865.76	9200	0.00176	0.490410959	982.3	1	0.21996	2014-12-22
9865.76	9400	0.00081	0.24109589	689	1	0.2195	2014-12-22
9865.76	9400	0.00081	0.24109589	689	1	0.2195	2014-12-22
9865.76	9050	0.00252	0.739726027	1202.7	1	0.21948	2014-12-22
9865.76	9050	0.00252	0.739726027	1202.7	1	0.21948	2014-12-22
9865.76	8900	0.00329	0.989041096	1405.1	1	0.21931	2014-12-22
9865.76	8900	0.00329	0.989041096	1405.1	1	0.21931	2014-12-22
9865.76	9500	0.00026	0.068493151	450.7	1	0.2189	2014-12-22
9865.76	9500	0.00026	0.068493151	450.7	1	0.2189	2014-12-22
9865.76	9250	0.00176	0.490410959	945.1	1	0.21786	2014-12-22
9865.76	9250	0.00176	0.490410959	945.1	1	0.21786	2014-12-22
9865.76	9100	0.00252	0.739726027	1165.9	1	0.21782	2014-12-22
9865.76	9100	0.00252	0.739726027	1165.9	1	0.21782	2014-12-22
9865.76	9450	0.00081	0.164383562	587.7	1	0.21725	2014-12-22
9865.76	9450	0.00081	0.164383562	587.7	1	0.21725	2014-12-22
9865.76	9450	0.00081	0.24109589	651.7	1	0.21659	2014-12-22
9865.76	9450	0.00081	0.24109589	651.7	1	0.21659	2014-12-22
9865.76	9000	0.00329	0.989041096	1332	1	0.21648	2014-12-22
9865.76	9000	0.00329	0.989041096	1332	1	0.21648	2014-12-22
9865.76	9150	0.00252	0.739726027	1129.5	1	0.21616	2014-12-22
9865.76	9150	0.00252	0.739726027	1129.5	1	0.21616	2014-12-22
9865.76	9300	0.00176	0.490410959	908.6	1	0.21584	2014-12-22
9865.76	9300	0.00176	0.490410959	908.6	1	0.21584	2014-12-22
9865.76	9200	0.00252	0.739726027	1093.5	1	0.2145	2014-12-22
9865.76	9200	0.00252	0.739726027	1093.5	1	0.2145	2014-12-22
9865.76	9500	0.00081	0.164383562	549.8	1	0.21385	2014-12-22
9865.76	9500	0.00081	0.164383562	549.8	1	0.21385	2014-12-22
9865.76	9350	0.00176	0.490410959	872.5	1	0.21377	2014-12-22
9865.76	9350	0.00176	0.490410959	872.5	1	0.21377	2014-12-22
9865.76	9500	0.00081	0.24109589	615.2	1	0.21374	2014-12-22
9865.76	9500	0.00081	0.24109589	615.2	1	0.21374	2014-12-22
9865.76	9100	0.00329	0.989041096	1260.5	1	0.2137	2014-12-22
9865.76	9100	0.00329	0.989041096	1260.5	1	0.2137	2014-12-22
9865.76	9250	0.00252	0.739726027	1058	1	0.21286	2014-12-22
9865.76	9250	0.00252	0.739726027	1058	1	0.21286	2014-12-22
9865.76	9550	0.00026	0.068493151	409.4	1	0.21277	2014-12-22
9865.76	9550	0.00026	0.068493151	409.4	1	0.21277	2014-12-22
9865.76	9400	0.00176	0.490410959	836.9	1	0.21169	2014-12-22
9865.76	9400	0.00176	0.490410959	836.9	1	0.21169	2014-12-22
9865.76	9300	0.00252	0.739726027	1022.8	1	0.21117	2014-12-22
9865.76	9300	0.00252	0.739726027	1022.8	1	0.21117	2014-12-22
9865.76	9200	0.00329	0.989041096	1190.7	1	0.21099	2014-12-22
9865.76	9200	0.00329	0.989041096	1190.7	1	0.21099	2014-12-22
9865.76	9550	0.00081	0.24109589	579.5	1	0.21091	2014-12-22
9865.76	9550	0.00081	0.24109589	579.5	1	0.21091	2014-12-22
9865.76	9550	0.00081	0.164383562	512.6	1	0.21035	2014-12-22
9865.76	9550	0.00081	0.164383562	512.6	1	0.21035	2014-12-22
9865.76	9450	0.00176	0.490410959	802.2	1	0.20976	2014-12-22
9865.76	9450	0.00176	0.490410959	802.2	1	0.20976	2014-12-22
9865.76	9350	0.00252	0.739726027	988.5	1	0.20963	2014-12-22
9865.76	9350	0.00252	0.739726027	988.5	1	0.20963	2014-12-22
9865.76	9300	0.00329	0.989041096	1122.8	1	0.20836	2014-12-22
9865.76	9300	0.00329	0.989041096	1122.8	1	0.20836	2014-12-22
9865.76	9600	0.00081	0.24109589	544.7	1	0.20814	2014-12-22
9865.76	9600	0.00081	0.24109589	544.7	1	0.20814	2014-12-22
9865.76	9400	0.00252	0.739726027	954.5	1	0.20804	2014-12-22
9865.76	9400	0.00252	0.739726027	954.5	1	0.20804	2014-12-22
9865.76	9500	0.00176	0.490410959	767.8	1	0.20772	2014-12-22
9865.76	9500	0.00176	0.490410959	767.8	1	0.20772	2014-12-22
9865.76	9600	0.00026	0.068493151	369.6	1	0.20713	2014-12-22
9865.76	9600	0.00026	0.068493151	369.6	1	0.20713	2014-12-22
9865.76	9600	0.00081	0.164383562	476.6	1	0.20705	2014-12-22
9865.76	9600	0.00081	0.164383562	476.6	1	0.20705	2014-12-22
9865.76	9350	0.00329	0.989041096	1089.4	1	0.20703	2014-12-22
9865.76	9350	0.00329	0.989041096	1089.4	1	0.20703	2014-12-22
9865.76	9450	0.00252	0.739726027	921.1	1	0.20649	2014-12-22
9865.76	9450	0.00252	0.739726027	921.1	1	0.20649	2014-12-22
9865.76	9550	0.00176	0.490410959	734.7	1	0.20595	2014-12-22
9865.76	9550	0.00176	0.490410959	734.7	1	0.20595	2014-12-22
9865.76	9400	0.00329	0.989041096	1056.7	1	0.20578	2014-12-22
9865.76	9400	0.00329	0.989041096	1056.7	1	0.20578	2014-12-22
9865.76	9650	0.00081	0.24109589	510.9	1	0.20547	2014-12-22
9865.76	9650	0.00081	0.24109589	510.9	1	0.20547	2014-12-22
9865.76	9500	0.00252	0.739726027	888.1	1	0.20492	2014-12-22
9865.76	9500	0.00252	0.739726027	888.1	1	0.20492	2014-12-22
9865.76	9450	0.00329	0.989041096	1024.1	1	0.20444	2014-12-22
9865.76	9450	0.00329	0.989041096	1024.1	1	0.20444	2014-12-22
9865.76	9600	0.00176	0.490410959	701.7	1	0.20399	2014-12-22
9865.76	9600	0.00176	0.490410959	701.7	1	0.20399	2014-12-22
9865.76	9650	0.00081	0.164383562	441.7	1	0.20383	2014-12-22
9865.76	9650	0.00081	0.164383562	441.7	1	0.20383	2014-12-22
9865.76	9550	0.00252	0.739726027	855.7	1	0.20337	2014-12-22
9865.76	9550	0.00252	0.739726027	855.7	1	0.20337	2014-12-22
9865.76	9500	0.00329	0.989041096	992.1	1	0.20315	2014-12-22
9865.76	9500	0.00329	0.989041096	992.1	1	0.20315	2014-12-22
9865.76	9700	0.00081	0.24109589	477.9	1	0.20275	2014-12-22
9865.76	9700	0.00081	0.24109589	477.9	1	0.20275	2014-12-22
9865.76	9650	0.00176	0.490410959	669.6	1	0.20213	2014-12-22
9865.76	9650	0.00176	0.490410959	669.6	1	0.20213	2014-12-22
9865.76	9550	0.00329	0.989041096	960.9	1	0.20195	2014-12-22
9865.76	9550	0.00329	0.989041096	960.9	1	0.20195	2014-12-22
9865.76	9600	0.00252	0.739726027	823.9	1	0.20185	2014-12-22
9865.76	9600	0.00252	0.739726027	823.9	1	0.20185	2014-12-22
9865.76	9650	0.00026	0.068493151	331	1	0.20146	2014-12-22
9865.76	9650	0.00026	0.068493151	331	1	0.20146	2014-12-22
9865.76	9700	0.00081	0.164383562	408	1	0.20073	2014-12-22
9865.76	9700	0.00081	0.164383562	408	1	0.20073	2014-12-22
9865.76	9600	0.00329	0.989041096	930	1	0.20071	2014-12-22
9865.76	9600	0.00329	0.989041096	930	1	0.20071	2014-12-22
9865.76	9650	0.00252	0.739726027	793.1	1	0.20048	2014-12-22
9865.76	9650	0.00252	0.739726027	793.1	1	0.20048	2014-12-22
9865.76	9700	0.00176	0.490410959	638.2	1	0.20029	2014-12-22
9865.76	9700	0.00176	0.490410959	638.2	1	0.20029	2014-12-22
9865.76	9750	0.00081	0.24109589	445.9	1	0.20008	2014-12-22
9865.76	9750	0.00081	0.24109589	445.9	1	0.20008	2014-12-22
9865.76	9650	0.00329	0.989041096	899.5	1	0.19946	2014-12-22
9865.76	9650	0.00329	0.989041096	899.5	1	0.19946	2014-12-22
9865.76	9700	0.00252	0.739726027	762.3	1	0.19895	2014-12-22
9865.76	9700	0.00252	0.739726027	762.3	1	0.19895	2014-12-22
9865.76	11350	0.00026	0.068493151	0.6	1	0.19892	2014-12-22
9865.76	11350	0.00026	0.068493151	0.6	1	0.19892	2014-12-22
9865.76	9750	0.00176	0.490410959	607.4	1	0.19844	2014-12-22
9865.76	9750	0.00176	0.490410959	607.4	1	0.19844	2014-12-22
9865.76	9700	0.00329	0.989041096	869.4	1	0.19819	2014-12-22
9865.76	9700	0.00329	0.989041096	869.4	1	0.19819	2014-12-22
9865.76	9750	0.00252	0.739726027	732.4	1	0.19752	2014-12-22
9865.76	9750	0.00252	0.739726027	732.4	1	0.19752	2014-12-22
9865.76	9800	0.00081	0.24109589	415	1	0.19749	2014-12-22
9865.76	9800	0.00081	0.24109589	415	1	0.19749	2014-12-22
9865.76	9750	0.00081	0.164383562	375.1	1	0.19743	2014-12-22
9865.76	9750	0.00081	0.164383562	375.1	1	0.19743	2014-12-22
9865.76	9750	0.00329	0.989041096	840	1	0.19698	2014-12-22
9865.76	9750	0.00329	0.989041096	840	1	0.19698	2014-12-22
9865.76	9800	0.00176	0.490410959	577.3	1	0.19659	2014-12-22
9865.76	9800	0.00176	0.490410959	577.3	1	0.19659	2014-12-22
9865.76	9800	0.00252	0.739726027	702.9	1	0.19605	2014-12-22
9865.76	9800	0.00252	0.739726027	702.9	1	0.19605	2014-12-22
9865.76	9700	0.00026	0.068493151	294	1	0.19602	2014-12-22
9865.76	9700	0.00026	0.068493151	294	1	0.19602	2014-12-22
9865.76	9800	0.00329	0.989041096	811.4	1	0.19585	2014-12-22
9865.76	9800	0.00329	0.989041096	811.4	1	0.19585	2014-12-22
9865.76	9850	0.00081	0.24109589	385.2	1	0.19496	2014-12-22
9865.76	9850	0.00081	0.24109589	385.2	1	0.19496	2014-12-22
9865.76	9850	0.00176	0.490410959	548	1	0.19478	2014-12-22
9865.76	9850	0.00176	0.490410959	548	1	0.19478	2014-12-22
9865.76	9850	0.00252	0.739726027	674.3	1	0.19468	2014-12-22
9865.76	9850	0.00252	0.739726027	674.3	1	0.19468	2014-12-22
9865.76	9850	0.00329	0.989041096	782.7	1	0.19457	2014-12-22
9865.76	9850	0.00329	0.989041096	782.7	1	0.19457	2014-12-22
9865.76	9800	0.00081	0.164383562	343.6	1	0.19429	2014-12-22
9865.76	9800	0.00081	0.164383562	343.6	1	0.19429	2014-12-22
9865.76	9900	0.00329	0.989041096	755.2	1	0.19348	2014-12-22
9865.76	9900	0.00329	0.989041096	755.2	1	0.19348	2014-12-22
9865.76	11300	0.00026	0.068493151	0.6	1	0.19333	2014-12-22
9865.76	11300	0.00026	0.068493151	0.6	1	0.19333	2014-12-22
9865.76	9900	0.00252	0.739726027	646.1	1	0.19326	2014-12-22
9865.76	9900	0.00252	0.739726027	646.1	1	0.19326	2014-12-22
9865.76	9900	0.00176	0.490410959	519.3	1	0.19293	2014-12-22
9865.76	9900	0.00176	0.490410959	519.3	1	0.19293	2014-12-22
9865.76	9900	0.00081	0.24109589	356.6	1	0.19252	2014-12-22
9865.76	9900	0.00081	0.24109589	356.6	1	0.19252	2014-12-22
9865.76	9950	0.00329	0.989041096	727.9	1	0.19231	2014-12-22
9865.76	9950	0.00329	0.989041096	727.9	1	0.19231	2014-12-22
9865.76	9950	0.00252	0.739726027	618.8	1	0.19193	2014-12-22
9865.76	9950	0.00252	0.739726027	618.8	1	0.19193	2014-12-22
9865.76	9950	0.00176	0.490410959	491.7	1	0.19122	2014-12-22
9865.76	9950	0.00176	0.490410959	491.7	1	0.19122	2014-12-22
9865.76	10000	0.00329	0.989041096	701.2	1	0.19116	2014-12-22
9865.76	10000	0.00329	0.989041096	701.2	1	0.19116	2014-12-22
9865.76	9850	0.00081	0.164383562	313.3	1	0.19115	2014-12-22
9865.76	9850	0.00081	0.164383562	313.3	1	0.19115	2014-12-22
9865.76	11250	0.00026	0.068493151	0.7	1	0.19075	2014-12-22
9865.76	11250	0.00026	0.068493151	0.7	1	0.19075	2014-12-22
9865.76	10000	0.00252	0.739726027	592.4	1	0.19069	2014-12-22
9865.76	10000	0.00252	0.739726027	592.4	1	0.19069	2014-12-22
9865.76	9750	0.00026	0.068493151	258.6	1	0.19062	2014-12-22
9865.76	9750	0.00026	0.068493151	258.6	1	0.19062	2014-12-22
9865.76	9950	0.00081	0.24109589	329.1	1	0.19011	2014-12-22
9865.76	9950	0.00081	0.24109589	329.1	1	0.19011	2014-12-22
9865.76	10050	0.00329	0.989041096	675	1	0.19002	2014-12-22
9865.76	10050	0.00329	0.989041096	675	1	0.19002	2014-12-22
9865.76	10000	0.00176	0.490410959	464.7	1	0.18945	2014-12-22
9865.76	10000	0.00176	0.490410959	464.7	1	0.18945	2014-12-22
9865.76	10050	0.00252	0.739726027	566	1	0.18928	2014-12-22
9865.76	10050	0.00252	0.739726027	566	1	0.18928	2014-12-22
9865.76	10100	0.00329	0.989041096	649.4	1	0.18889	2014-12-22
9865.76	10100	0.00329	0.989041096	649.4	1	0.18889	2014-12-22
9865.76	9900	0.00081	0.164383562	284.6	1	0.18821	2014-12-22
9865.76	9900	0.00081	0.164383562	284.6	1	0.18821	2014-12-22
9865.76	10100	0.00252	0.739726027	540.6	1	0.18798	2014-12-22
9865.76	10100	0.00252	0.739726027	540.6	1	0.18798	2014-12-22
9865.76	10150	0.00329	0.989041096	624.7	1	0.18786	2014-12-22
9865.76	10150	0.00329	0.989041096	624.7	1	0.18786	2014-12-22
9865.76	10000	0.00081	0.24109589	302.8	1	0.18775	2014-12-22
9865.76	10000	0.00081	0.24109589	302.8	1	0.18775	2014-12-22
9865.76	10050	0.00176	0.490410959	438.5	1	0.18771	2014-12-22
9865.76	10050	0.00176	0.490410959	438.5	1	0.18771	2014-12-22
9865.76	11200	0.00026	0.068493151	0.8	1	0.18768	2014-12-22
9865.76	11200	0.00026	0.068493151	0.8	1	0.18768	2014-12-22
9865.76	10150	0.00252	0.739726027	516.2	1	0.1868	2014-12-22
9865.76	10150	0.00252	0.739726027	516.2	1	0.1868	2014-12-22
9865.76	10200	0.00329	0.989041096	600.3	1	0.18678	2014-12-22
9865.76	10200	0.00329	0.989041096	600.3	1	0.18678	2014-12-22
9865.76	10100	0.00176	0.490410959	413.1	1	0.18598	2014-12-22
9865.76	10100	0.00176	0.490410959	413.1	1	0.18598	2014-12-22
9865.76	9800	0.00026	0.068493151	225.4	1	0.1857	2014-12-22
9865.76	9800	0.00026	0.068493151	225.4	1	0.1857	2014-12-22
9865.76	10250	0.00329	0.989041096	576.3	1	0.18567	2014-12-22
9865.76	10250	0.00329	0.989041096	576.3	1	0.18567	2014-12-22
9865.76	10200	0.00252	0.739726027	492.1	1	0.18553	2014-12-22
9865.76	10200	0.00252	0.739726027	492.1	1	0.18553	2014-12-22
9865.76	10050	0.00081	0.24109589	277.5	1	0.18533	2014-12-22
9865.76	10050	0.00081	0.24109589	277.5	1	0.18533	2014-12-22
9865.76	9950	0.00081	0.164383562	257.2	1	0.18527	2014-12-22
9865.76	9950	0.00081	0.164383562	257.2	1	0.18527	2014-12-22
9865.76	10300	0.00329	0.989041096	553.1	1	0.18462	2014-12-22
9865.76	10300	0.00329	0.989041096	553.1	1	0.18462	2014-12-22
9865.76	10150	0.00176	0.490410959	388.8	1	0.18436	2014-12-22
9865.76	10150	0.00176	0.490410959	388.8	1	0.18436	2014-12-22
9865.76	10250	0.00252	0.739726027	468.6	1	0.18425	2014-12-22
9865.76	10250	0.00252	0.739726027	468.6	1	0.18425	2014-12-22
9865.76	10100	0.00081	0.24109589	253.9	1	0.18322	2014-12-22
9865.76	10100	0.00081	0.24109589	253.9	1	0.18322	2014-12-22
9865.76	10300	0.00252	0.739726027	446.2	1	0.18312	2014-12-22
9865.76	10300	0.00252	0.739726027	446.2	1	0.18312	2014-12-22
9865.76	10200	0.00176	0.490410959	365	1	0.18264	2014-12-22
9865.76	10200	0.00176	0.490410959	365	1	0.18264	2014-12-22
9865.76	10400	0.00329	0.989041096	508.2	1	0.18251	2014-12-22
9865.76	10400	0.00329	0.989041096	508.2	1	0.18251	2014-12-22
9865.76	10000	0.00081	0.164383562	231.4	1	0.18247	2014-12-22
9865.76	10000	0.00081	0.164383562	231.4	1	0.18247	2014-12-22
9865.76	10350	0.00252	0.739726027	424.4	1	0.18197	2014-12-22
9865.76	10350	0.00252	0.739726027	424.4	1	0.18197	2014-12-22
9865.76	11150	0.00026	0.068493151	0.8	1	0.18182	2014-12-22
9865.76	11150	0.00026	0.068493151	0.8	1	0.18182	2014-12-22
9865.76	10150	0.00081	0.24109589	231.5	1	0.18113	2014-12-22
9865.76	10150	0.00081	0.24109589	231.5	1	0.18113	2014-12-22
9865.76	10250	0.00176	0.490410959	342.3	1	0.18104	2014-12-22
9865.76	10250	0.00176	0.490410959	342.3	1	0.18104	2014-12-22
9865.76	9850	0.00026	0.068493151	194.1	1	0.18076	2014-12-22
9865.76	9850	0.00026	0.068493151	194.1	1	0.18076	2014-12-22
9865.76	10400	0.00252	0.739726027	402.9	1	0.18073	2014-12-22
9865.76	10400	0.00252	0.739726027	402.9	1	0.18073	2014-12-22
9865.76	10500	0.00329	0.989041096	466	1	0.18054	2014-12-22
9865.76	10500	0.00329	0.989041096	466	1	0.18054	2014-12-22
9865.76	10050	0.00081	0.164383562	207.1	1	0.17973	2014-12-22
9865.76	10050	0.00081	0.164383562	207.1	1	0.17973	2014-12-22
9865.76	10300	0.00176	0.490410959	320.8	1	0.17958	2014-12-22
9865.76	10300	0.00176	0.490410959	320.8	1	0.17958	2014-12-22
9865.76	10450	0.00252	0.739726027	382.3	1	0.17957	2014-12-22
9865.76	10450	0.00252	0.739726027	382.3	1	0.17957	2014-12-22
9865.76	10200	0.00081	0.24109589	210.2	1	0.17901	2014-12-22
9865.76	10200	0.00081	0.24109589	210.2	1	0.17901	2014-12-22
9865.76	10600	0.00329	0.989041096	426.2	1	0.17865	2014-12-22
9865.76	10600	0.00329	0.989041096	426.2	1	0.17865	2014-12-22
9865.76	10500	0.00252	0.739726027	362.7	1	0.17852	2014-12-22
9865.76	10500	0.00252	0.739726027	362.7	1	0.17852	2014-12-22
9865.76	11100	0.00026	0.068493151	0.9	1	0.17823	2014-12-22
9865.76	11100	0.00026	0.068493151	0.9	1	0.17823	2014-12-22
9865.76	10350	0.00176	0.490410959	300.1	1	0.17813	2014-12-22
9865.76	10350	0.00176	0.490410959	300.1	1	0.17813	2014-12-22
9865.76	10550	0.00252	0.739726027	343.3	1	0.17734	2014-12-22
9865.76	10550	0.00252	0.739726027	343.3	1	0.17734	2014-12-22
9865.76	10100	0.00081	0.164383562	184.7	1	0.1773	2014-12-22
9865.76	10100	0.00081	0.164383562	184.7	1	0.1773	2014-12-22
9865.76	10250	0.00081	0.24109589	190.4	1	0.17708	2014-12-22
9865.76	10250	0.00081	0.24109589	190.4	1	0.17708	2014-12-22
9865.76	10700	0.00329	0.989041096	388.2	1	0.17667	2014-12-22
9865.76	10700	0.00329	0.989041096	388.2	1	0.17667	2014-12-22
9865.76	10400	0.00176	0.490410959	280	1	0.1766	2014-12-22
9865.76	10400	0.00176	0.490410959	280	1	0.1766	2014-12-22
9865.76	10600	0.00252	0.739726027	324.6	1	0.17619	2014-12-22
9865.76	10600	0.00252	0.739726027	324.6	1	0.17619	2014-12-22
9865.76	9900	0.00026	0.068493151	165.1	1	0.17603	2014-12-22
9865.76	9900	0.00026	0.068493151	165.1	1	0.17603	2014-12-22
9865.76	10300	0.00081	0.24109589	172	1	0.17529	2014-12-22
9865.76	10300	0.00081	0.24109589	172	1	0.17529	2014-12-22
9865.76	10450	0.00176	0.490410959	261.1	1	0.17523	2014-12-22
9865.76	10450	0.00176	0.490410959	261.1	1	0.17523	2014-12-22
9865.76	10150	0.00081	0.164383562	163.9	1	0.17498	2014-12-22
9865.76	10150	0.00081	0.164383562	163.9	1	0.17498	2014-12-22
9865.76	10800	0.00329	0.989041096	353.1	1	0.17491	2014-12-22
9865.76	10800	0.00329	0.989041096	353.1	1	0.17491	2014-12-22
9865.76	11050	0.00026	0.068493151	1	1	0.17429	2014-12-22
9865.76	11050	0.00026	0.068493151	1	1	0.17429	2014-12-22
9865.76	10700	0.00252	0.739726027	289.8	1	0.17411	2014-12-22
9865.76	10700	0.00252	0.739726027	289.8	1	0.17411	2014-12-22
9865.76	10500	0.00176	0.490410959	243.3	1	0.17398	2014-12-22
9865.76	10500	0.00176	0.490410959	243.3	1	0.17398	2014-12-22
9865.76	10350	0.00081	0.24109589	154.6	1	0.17341	2014-12-22
9865.76	10350	0.00081	0.24109589	154.6	1	0.17341	2014-12-22
9865.76	10200	0.00081	0.164383562	144.7	1	0.17276	2014-12-22
9865.76	10200	0.00081	0.164383562	144.7	1	0.17276	2014-12-22
9865.76	10550	0.00176	0.490410959	226.2	1	0.1727	2014-12-22
9865.76	10550	0.00176	0.490410959	226.2	1	0.1727	2014-12-22
9865.76	10800	0.00252	0.739726027	258	1	0.17222	2014-12-22
9865.76	10800	0.00252	0.739726027	258	1	0.17222	2014-12-22
9865.76	10400	0.00081	0.24109589	138.9	1	0.17188	2014-12-22
9865.76	10400	0.00081	0.24109589	138.9	1	0.17188	2014-12-22
9865.76	11000	0.00026	0.068493151	1.2	1	0.17181	2014-12-22
9865.76	11000	0.00026	0.068493151	1.2	1	0.17181	2014-12-22
9865.76	9950	0.00026	0.068493151	138.5	1	0.17148	2014-12-22
9865.76	9950	0.00026	0.068493151	138.5	1	0.17148	2014-12-22
9865.76	10600	0.00176	0.490410959	210	1	0.17147	2014-12-22
9865.76	11000	0.00329	0.989041096	289.4	1	0.17147	2014-12-22
9865.76	10600	0.00176	0.490410959	210	1	0.17147	2014-12-22
9865.76	11000	0.00329	0.989041096	289.4	1	0.17147	2014-12-22
9865.76	10250	0.00081	0.164383562	127.2	1	0.17073	2014-12-22
9865.76	10250	0.00081	0.164383562	127.2	1	0.17073	2014-12-22
9865.76	10450	0.00081	0.24109589	124.3	1	0.17036	2014-12-22
9865.76	10450	0.00081	0.24109589	124.3	1	0.17036	2014-12-22
9865.76	10900	0.00252	0.739726027	228.3	1	0.17023	2014-12-22
9865.76	10900	0.00252	0.739726027	228.3	1	0.17023	2014-12-22
9865.76	11100	0.00329	0.989041096	261	1	0.16988	2014-12-22
9865.76	11100	0.00329	0.989041096	261	1	0.16988	2014-12-22
9865.76	10700	0.00176	0.490410959	180.3	1	0.16919	2014-12-22
9865.76	10700	0.00176	0.490410959	180.3	1	0.16919	2014-12-22
9865.76	10300	0.00081	0.164383562	111.4	1	0.16894	2014-12-22
9865.76	10300	0.00081	0.164383562	111.4	1	0.16894	2014-12-22
9865.76	10500	0.00081	0.24109589	110.9	1	0.16893	2014-12-22
9865.76	10500	0.00081	0.24109589	110.9	1	0.16893	2014-12-22
9865.76	11000	0.00252	0.739726027	201.4	1	0.16841	2014-12-22
9865.76	11000	0.00252	0.739726027	201.4	1	0.16841	2014-12-22
9865.76	11200	0.00329	0.989041096	234.9	1	0.1684	2014-12-22
9865.76	11200	0.00329	0.989041096	234.9	1	0.1684	2014-12-22
9865.76	10550	0.00081	0.24109589	98.7	1	0.16762	2014-12-22
9865.76	10550	0.00081	0.24109589	98.7	1	0.16762	2014-12-22
9865.76	12000	0.00081	0.24109589	2.6	1	0.16756	2014-12-22
9865.76	12000	0.00081	0.24109589	2.6	1	0.16756	2014-12-22
9865.76	10000	0.00026	0.068493151	114.8	1	0.16747	2014-12-22
9865.76	10000	0.00026	0.068493151	114.8	1	0.16747	2014-12-22
9865.76	10350	0.00081	0.164383562	97	1	0.16717	2014-12-22
9865.76	10350	0.00081	0.164383562	97	1	0.16717	2014-12-22
9865.76	10950	0.00026	0.068493151	1.3	1	0.16714	2014-12-22
9865.76	10950	0.00026	0.068493151	1.3	1	0.16714	2014-12-22
9865.76	10800	0.00176	0.490410959	153.9	1	0.16708	2014-12-22
9865.76	10800	0.00176	0.490410959	153.9	1	0.16708	2014-12-22
9865.76	11300	0.00329	0.989041096	210.4	1	0.16684	2014-12-22
9865.76	11300	0.00329	0.989041096	210.4	1	0.16684	2014-12-22
9865.76	11100	0.00252	0.739726027	177	1	0.16669	2014-12-22
9865.76	11100	0.00252	0.739726027	177	1	0.16669	2014-12-22
9865.76	10600	0.00081	0.24109589	87.7	1	0.16648	2014-12-22
9865.76	10600	0.00081	0.24109589	87.7	1	0.16648	2014-12-22
9865.76	11350	0.00081	0.164383562	4.8	1	0.16569	2014-12-22
9865.76	11350	0.00081	0.164383562	4.8	1	0.16569	2014-12-22
9865.76	11400	0.00329	0.989041096	188.5	1	0.16554	2014-12-22
9865.76	11400	0.00329	0.989041096	188.5	1	0.16554	2014-12-22
9865.76	10400	0.00081	0.164383562	84	1	0.16549	2014-12-22
9865.76	10400	0.00081	0.164383562	84	1	0.16549	2014-12-22
9865.76	10650	0.00081	0.24109589	77.6	1	0.16533	2014-12-22
9865.76	10650	0.00081	0.24109589	77.6	1	0.16533	2014-12-22
9865.76	11200	0.00252	0.739726027	155.2	1	0.16516	2014-12-22
9865.76	11200	0.00252	0.739726027	155.2	1	0.16516	2014-12-22
9865.76	10900	0.00026	0.068493151	1.6	1	0.165	2014-12-22
9865.76	10900	0.00026	0.068493151	1.6	1	0.165	2014-12-22
9865.76	11300	0.00081	0.164383562	5.5	1	0.16466	2014-12-22
9865.76	11300	0.00081	0.164383562	5.5	1	0.16466	2014-12-22
9865.76	10700	0.00081	0.24109589	68.5	1	0.16428	2014-12-22
9865.76	10700	0.00081	0.24109589	68.5	1	0.16428	2014-12-22
9865.76	11500	0.00329	0.989041096	168	1	0.16414	2014-12-22
9865.76	11500	0.00329	0.989041096	168	1	0.16414	2014-12-22
9865.76	10450	0.00081	0.164383562	72.6	1	0.16412	2014-12-22
9865.76	10450	0.00081	0.164383562	72.6	1	0.16412	2014-12-22
9865.76	11800	0.00081	0.24109589	4	1	0.16401	2014-12-22
9865.76	11800	0.00081	0.24109589	4	1	0.16401	2014-12-22
9865.76	11250	0.00081	0.164383562	6.3	1	0.16361	2014-12-22
9865.76	11250	0.00081	0.164383562	6.3	1	0.16361	2014-12-22
9865.76	11300	0.00252	0.739726027	135.3	1	0.16359	2014-12-22
9865.76	11300	0.00252	0.739726027	135.3	1	0.16359	2014-12-22
9865.76	11000	0.00176	0.490410959	110.5	1	0.1635	2014-12-22
9865.76	11000	0.00176	0.490410959	110.5	1	0.1635	2014-12-22
9865.76	10050	0.00026	0.068493151	93.5	1	0.16344	2014-12-22
9865.76	10050	0.00026	0.068493151	93.5	1	0.16344	2014-12-22
9865.76	10750	0.00081	0.24109589	60.3	1	0.1633	2014-12-22
9865.76	10750	0.00081	0.24109589	60.3	1	0.1633	2014-12-22
9865.76	11600	0.00329	0.989041096	149.8	1	0.16299	2014-12-22
9865.76	11600	0.00329	0.989041096	149.8	1	0.16299	2014-12-22
9865.76	10500	0.00081	0.164383562	62.5	1	0.16288	2014-12-22
9865.76	10500	0.00081	0.164383562	62.5	1	0.16288	2014-12-22
9865.76	10800	0.00081	0.24109589	52.9	1	0.16236	2014-12-22
9865.76	10800	0.00081	0.24109589	52.9	1	0.16236	2014-12-22
9865.76	11400	0.00252	0.739726027	117.9	1	0.16228	2014-12-22
9865.76	11400	0.00252	0.739726027	117.9	1	0.16228	2014-12-22
9865.76	12600	0.00176	0.490410959	7.2	1	0.16222	2014-12-22
9865.76	12600	0.00176	0.490410959	7.2	1	0.16222	2014-12-22
9865.76	11200	0.00081	0.164383562	7.1	1	0.16212	2014-12-22
9865.76	11200	0.00081	0.164383562	7.1	1	0.16212	2014-12-22
9865.76	11100	0.00176	0.490410959	92.7	1	0.16183	2014-12-22
9865.76	11100	0.00176	0.490410959	92.7	1	0.16183	2014-12-22
9865.76	10850	0.00081	0.24109589	46.5	1	0.16169	2014-12-22
9865.76	10850	0.00081	0.24109589	46.5	1	0.16169	2014-12-22
9865.76	10550	0.00081	0.164383562	53.5	1	0.16167	2014-12-22
9865.76	10550	0.00081	0.164383562	53.5	1	0.16167	2014-12-22
9865.76	11150	0.00081	0.164383562	8.2	1	0.16127	2014-12-22
9865.76	11150	0.00081	0.164383562	8.2	1	0.16127	2014-12-22
9865.76	11600	0.00081	0.24109589	6.4	1	0.16124	2014-12-22
9865.76	11600	0.00081	0.24109589	6.4	1	0.16124	2014-12-22
9865.76	11500	0.00252	0.739726027	102.4	1	0.16106	2014-12-22
9865.76	11500	0.00252	0.739726027	102.4	1	0.16106	2014-12-22
9865.76	10900	0.00081	0.24109589	40.6	1	0.16089	2014-12-22
9865.76	10900	0.00081	0.24109589	40.6	1	0.16089	2014-12-22
9865.76	10850	0.00026	0.068493151	1.8	1	0.16086	2014-12-22
9865.76	10850	0.00026	0.068493151	1.8	1	0.16086	2014-12-22
9865.76	11800	0.00329	0.989041096	117.8	1	0.16065	2014-12-22
9865.76	11800	0.00329	0.989041096	117.8	1	0.16065	2014-12-22
9865.76	10600	0.00081	0.164383562	45.6	1	0.16056	2014-12-22
9865.76	10600	0.00081	0.164383562	45.6	1	0.16056	2014-12-22
9865.76	11100	0.00081	0.164383562	9.5	1	0.16053	2014-12-22
9865.76	11100	0.00081	0.164383562	9.5	1	0.16053	2014-12-22
9865.76	11200	0.00176	0.490410959	77.4	1	0.16033	2014-12-22
9865.76	11200	0.00176	0.490410959	77.4	1	0.16033	2014-12-22
9865.76	10950	0.00081	0.24109589	35.4	1	0.16019	2014-12-22
9865.76	10950	0.00081	0.24109589	35.4	1	0.16019	2014-12-22
9865.76	10100	0.00026	0.068493151	75.2	1	0.16	2014-12-22
9865.76	11600	0.00252	0.739726027	88.8	1	0.16	2014-12-22
9865.76	10100	0.00026	0.068493151	75.2	1	0.16	2014-12-22
9865.76	11600	0.00252	0.739726027	88.8	1	0.16	2014-12-22
9865.76	10650	0.00081	0.164383562	38.9	1	0.15978	2014-12-22
9865.76	10650	0.00081	0.164383562	38.9	1	0.15978	2014-12-22
9865.76	11000	0.00081	0.24109589	30.9	1	0.15968	2014-12-22
9865.76	11000	0.00081	0.24109589	30.9	1	0.15968	2014-12-22
9865.76	11050	0.00081	0.164383562	10.9	1	0.15952	2014-12-22
9865.76	11050	0.00081	0.164383562	10.9	1	0.15952	2014-12-22
9865.76	12400	0.00176	0.490410959	9.4	1	0.15944	2014-12-22
9865.76	12400	0.00176	0.490410959	9.4	1	0.15944	2014-12-22
9865.76	11050	0.00081	0.24109589	26.9	1	0.1592	2014-12-22
9865.76	11050	0.00081	0.24109589	26.9	1	0.1592	2014-12-22
9865.76	11700	0.00252	0.739726027	76.8	1	0.15902	2014-12-22
9865.76	11700	0.00252	0.739726027	76.8	1	0.15902	2014-12-22
9865.76	11000	0.00081	0.164383562	12.7	1	0.159	2014-12-22
9865.76	10700	0.00081	0.164383562	33	1	0.159	2014-12-22
9865.76	11000	0.00081	0.164383562	12.7	1	0.159	2014-12-22
9865.76	10700	0.00081	0.164383562	33	1	0.159	2014-12-22
9865.76	11300	0.00176	0.490410959	64.3	1	0.15896	2014-12-22
9865.76	11300	0.00176	0.490410959	64.3	1	0.15896	2014-12-22
9865.76	11100	0.00081	0.24109589	23.5	1	0.15895	2014-12-22
9865.76	11100	0.00081	0.24109589	23.5	1	0.15895	2014-12-22
9865.76	11400	0.00081	0.24109589	10.4	1	0.15891	2014-12-22
9865.76	11400	0.00081	0.24109589	10.4	1	0.15891	2014-12-22
9865.76	12000	0.00329	0.989041096	92.3	1	0.15881	2014-12-22
9865.76	12000	0.00329	0.989041096	92.3	1	0.15881	2014-12-22
9865.76	10750	0.00081	0.164383562	28.1	1	0.15861	2014-12-22
9865.76	10750	0.00081	0.164383562	28.1	1	0.15861	2014-12-22
9865.76	10950	0.00081	0.164383562	14.8	1	0.15854	2014-12-22
9865.76	10950	0.00081	0.164383562	14.8	1	0.15854	2014-12-22
9865.76	11200	0.00081	0.24109589	17.8	1	0.15848	2014-12-22
9865.76	11200	0.00081	0.24109589	17.8	1	0.15848	2014-12-22
9865.76	10800	0.00026	0.068493151	2.2	1	0.1584	2014-12-22
9865.76	10800	0.00026	0.068493151	2.2	1	0.1584	2014-12-22
9865.76	10900	0.00081	0.164383562	17.3	1	0.15824	2014-12-22
9865.76	10900	0.00081	0.164383562	17.3	1	0.15824	2014-12-22
9865.76	10800	0.00081	0.164383562	23.8	1	0.15817	2014-12-22
9865.76	10850	0.00081	0.164383562	20.3	1	0.15817	2014-12-22
9865.76	10800	0.00081	0.164383562	23.8	1	0.15817	2014-12-22
9865.76	10850	0.00081	0.164383562	20.3	1	0.15817	2014-12-22
9865.76	11800	0.00252	0.739726027	66.3	1	0.15815	2014-12-22
9865.76	11800	0.00252	0.739726027	66.3	1	0.15815	2014-12-22
9865.76	12300	0.00176	0.490410959	10.7	1	0.15789	2014-12-22
9865.76	12300	0.00176	0.490410959	10.7	1	0.15789	2014-12-22
9865.76	11400	0.00176	0.490410959	53.2	1	0.15776	2014-12-22
9865.76	11400	0.00176	0.490410959	53.2	1	0.15776	2014-12-22
9865.76	11900	0.00252	0.739726027	56.9	1	0.15722	2014-12-22
9865.76	11900	0.00252	0.739726027	56.9	1	0.15722	2014-12-22
9865.76	12200	0.00176	0.490410959	12.6	1	0.15718	2014-12-22
9865.76	12200	0.00176	0.490410959	12.6	1	0.15718	2014-12-22
9865.76	12200	0.00329	0.989041096	71.7	1	0.15715	2014-12-22
9865.76	12200	0.00329	0.989041096	71.7	1	0.15715	2014-12-22
9865.76	10150	0.00026	0.068493151	59.7	1	0.15705	2014-12-22
9865.76	10150	0.00026	0.068493151	59.7	1	0.15705	2014-12-22
9865.76	11500	0.00176	0.490410959	43.7	1	0.15657	2014-12-22
9865.76	11500	0.00176	0.490410959	43.7	1	0.15657	2014-12-22
9865.76	12000	0.00252	0.739726027	48.9	1	0.1565	2014-12-22
9865.76	12000	0.00252	0.739726027	48.9	1	0.1565	2014-12-22
9865.76	12100	0.00176	0.490410959	14.7	1	0.15622	2014-12-22
9865.76	12100	0.00176	0.490410959	14.7	1	0.15622	2014-12-22
9865.76	10750	0.00026	0.068493151	2.7	1	0.15596	2014-12-22
9865.76	10750	0.00026	0.068493151	2.7	1	0.15596	2014-12-22
9865.76	11600	0.00176	0.490410959	36.1	1	0.15586	2014-12-22
9865.76	11600	0.00176	0.490410959	36.1	1	0.15586	2014-12-22
9865.76	12400	0.00329	0.989041096	55.5	1	0.15583	2014-12-22
9865.76	12400	0.00329	0.989041096	55.5	1	0.15583	2014-12-22
9865.76	12000	0.00176	0.490410959	17.3	1	0.1555	2014-12-22
9865.76	12000	0.00176	0.490410959	17.3	1	0.1555	2014-12-22
9865.76	11700	0.00176	0.490410959	29.7	1	0.15521	2014-12-22
9865.76	11700	0.00176	0.490410959	29.7	1	0.15521	2014-12-22
9865.76	15000	0.00329	0.989041096	2	1	0.155	2014-12-22
9865.76	15000	0.00329	0.989041096	2	1	0.155	2014-12-22
9865.76	11800	0.00176	0.490410959	24.6	1	0.15496	2014-12-22
9865.76	11800	0.00176	0.490410959	24.6	1	0.15496	2014-12-22
9865.76	12600	0.00329	0.989041096	42.9	1	0.15484	2014-12-22
9865.76	12600	0.00329	0.989041096	42.9	1	0.15484	2014-12-22
9865.76	10200	0.00026	0.068493151	46.6	1	0.15428	2014-12-22
9865.76	10200	0.00026	0.068493151	46.6	1	0.15428	2014-12-22
9865.76	10700	0.00026	0.068493151	3.4	1	0.15408	2014-12-22
9865.76	10700	0.00026	0.068493151	3.4	1	0.15408	2014-12-22
9865.76	13000	0.00329	0.989041096	25.4	1	0.15342	2014-12-22
9865.76	13000	0.00329	0.989041096	25.4	1	0.15342	2014-12-22
9865.76	14000	0.00329	0.989041096	7	1	0.15317	2014-12-22
9865.76	14000	0.00329	0.989041096	7	1	0.15317	2014-12-22
9865.76	10650	0.00026	0.068493151	4.3	1	0.15229	2014-12-22
9865.76	10650	0.00026	0.068493151	4.3	1	0.15229	2014-12-22
9865.76	10250	0.00026	0.068493151	35.9	1	0.15194	2014-12-22
9865.76	10250	0.00026	0.068493151	35.9	1	0.15194	2014-12-22
9865.76	10300	0.00026	0.068493151	27.6	1	0.15048	2014-12-22
9865.76	10300	0.00026	0.068493151	27.6	1	0.15048	2014-12-22
9865.76	10600	0.00026	0.068493151	5.4	1	0.15031	2014-12-22
9865.76	10600	0.00026	0.068493151	5.4	1	0.15031	2014-12-22
9865.76	10550	0.00026	0.068493151	7	1	0.14924	2014-12-22
9865.76	10550	0.00026	0.068493151	7	1	0.14924	2014-12-22
9865.76	10350	0.00026	0.068493151	20.9	1	0.1491	2014-12-22
9865.76	10350	0.00026	0.068493151	20.9	1	0.1491	2014-12-22
9865.76	10500	0.00026	0.068493151	9.2	1	0.14872	2014-12-22
9865.76	10500	0.00026	0.068493151	9.2	1	0.14872	2014-12-22
9865.76	10450	0.00026	0.068493151	12.1	1	0.14849	2014-12-22
9865.76	10450	0.00026	0.068493151	12.1	1	0.14849	2014-12-22
9865.76	10400	0.00026	0.068493151	15.8	1	0.14832	2014-12-22
9865.76	10400	0.00026	0.068493151	15.8	1	0.14832	2014-12-22
